(kicad_pcb (version 20171130) (host pcbnew "(5.1.5)-3")

  (general
    (thickness 1.6)
    (drawings 26)
    (tracks 271)
    (zones 0)
    (modules 21)
    (nets 28)
  )

  (page A4)
  (layers
    (0 F.Cu signal)
    (31 B.Cu signal)
    (32 B.Adhes user hide)
    (33 F.Adhes user hide)
    (34 B.Paste user hide)
    (35 F.Paste user hide)
    (36 B.SilkS user hide)
    (37 F.SilkS user)
    (38 B.Mask user hide)
    (39 F.Mask user hide)
    (40 Dwgs.User user hide)
    (41 Cmts.User user hide)
    (42 Eco1.User user hide)
    (43 Eco2.User user hide)
    (44 Edge.Cuts user)
    (45 Margin user hide)
    (46 B.CrtYd user hide)
    (47 F.CrtYd user hide)
    (48 B.Fab user hide)
    (49 F.Fab user)
  )

  (setup
    (last_trace_width 0.2)
    (user_trace_width 0.127)
    (trace_clearance 0.127)
    (zone_clearance 0.127)
    (zone_45_only no)
    (trace_min 0.127)
    (via_size 0.45)
    (via_drill 0.2)
    (via_min_size 0.2)
    (via_min_drill 0.2)
    (uvia_size 0.3)
    (uvia_drill 0.1)
    (uvias_allowed no)
    (uvia_min_size 0.2)
    (uvia_min_drill 0.1)
    (edge_width 0.05)
    (segment_width 0.2)
    (pcb_text_width 0.3)
    (pcb_text_size 1.5 1.5)
    (mod_edge_width 0.12)
    (mod_text_size 1 1)
    (mod_text_width 0.15)
    (pad_size 1.7 1.7)
    (pad_drill 1)
    (pad_to_mask_clearance 0.051)
    (solder_mask_min_width 0.25)
    (aux_axis_origin 22.86 22.86)
    (visible_elements 7FFFFF7F)
    (pcbplotparams
      (layerselection 0x010fc_ffffffff)
      (usegerberextensions false)
      (usegerberattributes false)
      (usegerberadvancedattributes false)
      (creategerberjobfile false)
      (excludeedgelayer true)
      (linewidth 0.100000)
      (plotframeref false)
      (viasonmask false)
      (mode 1)
      (useauxorigin false)
      (hpglpennumber 1)
      (hpglpenspeed 20)
      (hpglpendiameter 15.000000)
      (psnegative false)
      (psa4output false)
      (plotreference true)
      (plotvalue true)
      (plotinvisibletext false)
      (padsonsilk false)
      (subtractmaskfromsilk false)
      (outputformat 1)
      (mirror false)
      (drillshape 0)
      (scaleselection 1)
      (outputdirectory "Export/"))
  )

  (net 0 "")
  (net 1 "Net-(C101-Pad1)")
  (net 2 "Net-(C101-Pad2)")
  (net 3 GND)
  (net 4 +24V)
  (net 5 "Net-(C106-Pad1)")
  (net 6 +3V3)
  (net 7 +5V)
  (net 8 /DIAG)
  (net 9 "Net-(D101-Pad2)")
  (net 10 /~EN)
  (net 11 /MS1)
  (net 12 /MS2)
  (net 13 /SPRD)
  (net 14 /UART)
  (net 15 /PDN)
  (net 16 /STEP)
  (net 17 /DIR)
  (net 18 /M1B)
  (net 19 /M1A)
  (net 20 /M2A)
  (net 21 /M2B)
  (net 22 /INDEX)
  (net 23 "Net-(R101-Pad2)")
  (net 24 "Net-(R104-Pad1)")
  (net 25 "Net-(R105-Pad2)")
  (net 26 "Net-(R106-Pad2)")
  (net 27 "Net-(U101-Pad17)")

  (net_class Default "Dies ist die voreingestellte Netzklasse."
    (clearance 0.127)
    (trace_width 0.2)
    (via_dia 0.45)
    (via_drill 0.2)
    (uvia_dia 0.3)
    (uvia_drill 0.1)
    (add_net +3V3)
    (add_net +5V)
    (add_net /DIAG)
    (add_net /DIR)
    (add_net /INDEX)
    (add_net /MS1)
    (add_net /MS2)
    (add_net /PDN)
    (add_net /SPRD)
    (add_net /STEP)
    (add_net /UART)
    (add_net /~EN)
    (add_net GND)
    (add_net "Net-(C101-Pad1)")
    (add_net "Net-(C101-Pad2)")
    (add_net "Net-(C106-Pad1)")
    (add_net "Net-(D101-Pad2)")
    (add_net "Net-(R101-Pad2)")
    (add_net "Net-(R104-Pad1)")
    (add_net "Net-(U101-Pad17)")
  )

  (net_class PWR ""
    (clearance 0.127)
    (trace_width 0.8)
    (via_dia 0.8)
    (via_drill 0.4)
    (uvia_dia 0.3)
    (uvia_drill 0.1)
    (add_net +24V)
    (add_net /M1A)
    (add_net /M1B)
    (add_net /M2A)
    (add_net /M2B)
    (add_net "Net-(R105-Pad2)")
    (add_net "Net-(R106-Pad2)")
  )

  (module Package_DFN_QFN:QFN-28-1EP_5x5mm_P0.5mm_EP3.35x3.35mm_ThermalVias (layer F.Cu) (tedit 5C1FD453) (tstamp 5EB9F2FE)
    (at 29 32.95 270)
    (descr "QFN, 28 Pin (http://ww1.microchip.com/downloads/en/PackagingSpec/00000049BQ.pdf#page=283), generated with kicad-footprint-generator ipc_dfn_qfn_generator.py")
    (tags "QFN DFN_QFN")
    (path /5EBA0DC9)
    (attr smd)
    (fp_text reference U101 (at 0 -3.8 90) (layer F.SilkS)
      (effects (font (size 0.5 0.5) (thickness 0.125)))
    )
    (fp_text value TMC2209 (at 0 3.8 90) (layer F.Fab)
      (effects (font (size 1 1) (thickness 0.15)))
    )
    (fp_line (start 1.885 -2.61) (end 2.61 -2.61) (layer F.SilkS) (width 0.12))
    (fp_line (start 2.61 -2.61) (end 2.61 -1.885) (layer F.SilkS) (width 0.12))
    (fp_line (start -1.885 2.61) (end -2.61 2.61) (layer F.SilkS) (width 0.12))
    (fp_line (start -2.61 2.61) (end -2.61 1.885) (layer F.SilkS) (width 0.12))
    (fp_line (start 1.885 2.61) (end 2.61 2.61) (layer F.SilkS) (width 0.12))
    (fp_line (start 2.61 2.61) (end 2.61 1.885) (layer F.SilkS) (width 0.12))
    (fp_line (start -1.885 -2.61) (end -2.61 -2.61) (layer F.SilkS) (width 0.12))
    (fp_line (start -1.5 -2.5) (end 2.5 -2.5) (layer F.Fab) (width 0.1))
    (fp_line (start 2.5 -2.5) (end 2.5 2.5) (layer F.Fab) (width 0.1))
    (fp_line (start 2.5 2.5) (end -2.5 2.5) (layer F.Fab) (width 0.1))
    (fp_line (start -2.5 2.5) (end -2.5 -1.5) (layer F.Fab) (width 0.1))
    (fp_line (start -2.5 -1.5) (end -1.5 -2.5) (layer F.Fab) (width 0.1))
    (fp_line (start -3.1 -3.1) (end -3.1 3.1) (layer F.CrtYd) (width 0.05))
    (fp_line (start -3.1 3.1) (end 3.1 3.1) (layer F.CrtYd) (width 0.05))
    (fp_line (start 3.1 3.1) (end 3.1 -3.1) (layer F.CrtYd) (width 0.05))
    (fp_line (start 3.1 -3.1) (end -3.1 -3.1) (layer F.CrtYd) (width 0.05))
    (fp_text user %R (at 0 0 90) (layer F.Fab)
      (effects (font (size 1 1) (thickness 0.15)))
    )
    (pad 29 smd roundrect (at 0 0 270) (size 3.35 3.35) (layers F.Cu F.Mask) (roundrect_rratio 0.074627)
      (net 3 GND))
    (pad 29 thru_hole circle (at -1 -1 270) (size 0.5 0.5) (drill 0.2) (layers *.Cu)
      (net 3 GND))
    (pad 29 thru_hole circle (at 0 -1 270) (size 0.5 0.5) (drill 0.2) (layers *.Cu)
      (net 3 GND))
    (pad 29 thru_hole circle (at 1 -1 270) (size 0.5 0.5) (drill 0.2) (layers *.Cu)
      (net 3 GND))
    (pad 29 thru_hole circle (at -1 0 270) (size 0.5 0.5) (drill 0.2) (layers *.Cu)
      (net 3 GND))
    (pad 29 thru_hole circle (at 0 0 270) (size 0.5 0.5) (drill 0.2) (layers *.Cu)
      (net 3 GND))
    (pad 29 thru_hole circle (at 1 0 270) (size 0.5 0.5) (drill 0.2) (layers *.Cu)
      (net 3 GND))
    (pad 29 thru_hole circle (at -1 1 270) (size 0.5 0.5) (drill 0.2) (layers *.Cu)
      (net 3 GND))
    (pad 29 thru_hole circle (at 0 1 270) (size 0.5 0.5) (drill 0.2) (layers *.Cu)
      (net 3 GND))
    (pad 29 thru_hole circle (at 1 1 270) (size 0.5 0.5) (drill 0.2) (layers *.Cu)
      (net 3 GND))
    (pad 29 smd roundrect (at 0 0 270) (size 2.5 2.5) (layers B.Cu) (roundrect_rratio 0.1)
      (net 3 GND))
    (pad "" smd roundrect (at -0.5 -0.5 270) (size 0.806226 0.806226) (layers F.Paste) (roundrect_rratio 0.25))
    (pad "" smd roundrect (at -0.5 0.5 270) (size 0.806226 0.806226) (layers F.Paste) (roundrect_rratio 0.25))
    (pad "" smd roundrect (at 0.5 -0.5 270) (size 0.806226 0.806226) (layers F.Paste) (roundrect_rratio 0.25))
    (pad "" smd roundrect (at 0.5 0.5 270) (size 0.806226 0.806226) (layers F.Paste) (roundrect_rratio 0.25))
    (pad "" smd custom (at -1.3375 -0.5 270) (size 0.458956 0.458956) (layers F.Paste)
      (options (clearance outline) (anchor circle))
      (primitives
        (gr_poly (pts
           (xy -0.186855 -0.317866) (xy 0.116234 -0.317866) (xy 0.186855 -0.247246) (xy 0.186855 0.247246) (xy 0.116234 0.317866)
           (xy -0.186855 0.317866)) (width 0.170493))
      ))
    (pad "" smd custom (at -1.3375 0.5 270) (size 0.458956 0.458956) (layers F.Paste)
      (options (clearance outline) (anchor circle))
      (primitives
        (gr_poly (pts
           (xy -0.186855 -0.317866) (xy 0.116234 -0.317866) (xy 0.186855 -0.247246) (xy 0.186855 0.247246) (xy 0.116234 0.317866)
           (xy -0.186855 0.317866)) (width 0.170493))
      ))
    (pad "" smd custom (at 1.3375 -0.5 270) (size 0.458956 0.458956) (layers F.Paste)
      (options (clearance outline) (anchor circle))
      (primitives
        (gr_poly (pts
           (xy -0.186855 -0.247246) (xy -0.116234 -0.317866) (xy 0.186855 -0.317866) (xy 0.186855 0.317866) (xy -0.116234 0.317866)
           (xy -0.186855 0.247246)) (width 0.170493))
      ))
    (pad "" smd custom (at 1.3375 0.5 270) (size 0.458956 0.458956) (layers F.Paste)
      (options (clearance outline) (anchor circle))
      (primitives
        (gr_poly (pts
           (xy -0.186855 -0.247246) (xy -0.116234 -0.317866) (xy 0.186855 -0.317866) (xy 0.186855 0.317866) (xy -0.116234 0.317866)
           (xy -0.186855 0.247246)) (width 0.170493))
      ))
    (pad "" smd custom (at -0.5 -1.3375 270) (size 0.458956 0.458956) (layers F.Paste)
      (options (clearance outline) (anchor circle))
      (primitives
        (gr_poly (pts
           (xy -0.317866 -0.186855) (xy 0.317866 -0.186855) (xy 0.317866 0.116234) (xy 0.247246 0.186855) (xy -0.247246 0.186855)
           (xy -0.317866 0.116234)) (width 0.170493))
      ))
    (pad "" smd custom (at 0.5 -1.3375 270) (size 0.458956 0.458956) (layers F.Paste)
      (options (clearance outline) (anchor circle))
      (primitives
        (gr_poly (pts
           (xy -0.317866 -0.186855) (xy 0.317866 -0.186855) (xy 0.317866 0.116234) (xy 0.247246 0.186855) (xy -0.247246 0.186855)
           (xy -0.317866 0.116234)) (width 0.170493))
      ))
    (pad "" smd custom (at -0.5 1.3375 270) (size 0.458956 0.458956) (layers F.Paste)
      (options (clearance outline) (anchor circle))
      (primitives
        (gr_poly (pts
           (xy -0.317866 -0.116234) (xy -0.247246 -0.186855) (xy 0.247246 -0.186855) (xy 0.317866 -0.116234) (xy 0.317866 0.186855)
           (xy -0.317866 0.186855)) (width 0.170493))
      ))
    (pad "" smd custom (at 0.5 1.3375 270) (size 0.458956 0.458956) (layers F.Paste)
      (options (clearance outline) (anchor circle))
      (primitives
        (gr_poly (pts
           (xy -0.317866 -0.116234) (xy -0.247246 -0.186855) (xy 0.247246 -0.186855) (xy 0.317866 -0.116234) (xy 0.317866 0.186855)
           (xy -0.317866 0.186855)) (width 0.170493))
      ))
    (pad "" smd custom (at -1.3375 -1.3375 270) (size 0.43669 0.43669) (layers F.Paste)
      (options (clearance outline) (anchor circle))
      (primitives
        (gr_poly (pts
           (xy -0.164589 -0.164589) (xy 0.164589 -0.164589) (xy 0.164589 0.075523) (xy 0.075523 0.164589) (xy -0.164589 0.164589)
) (width 0.215024))
      ))
    (pad "" smd custom (at -1.3375 1.3375 270) (size 0.43669 0.43669) (layers F.Paste)
      (options (clearance outline) (anchor circle))
      (primitives
        (gr_poly (pts
           (xy -0.164589 -0.164589) (xy 0.075523 -0.164589) (xy 0.164589 -0.075523) (xy 0.164589 0.164589) (xy -0.164589 0.164589)
) (width 0.215024))
      ))
    (pad "" smd custom (at 1.3375 -1.3375 270) (size 0.43669 0.43669) (layers F.Paste)
      (options (clearance outline) (anchor circle))
      (primitives
        (gr_poly (pts
           (xy -0.164589 -0.164589) (xy 0.164589 -0.164589) (xy 0.164589 0.164589) (xy -0.075523 0.164589) (xy -0.164589 0.075523)
) (width 0.215024))
      ))
    (pad "" smd custom (at 1.3375 1.3375 270) (size 0.43669 0.43669) (layers F.Paste)
      (options (clearance outline) (anchor circle))
      (primitives
        (gr_poly (pts
           (xy -0.164589 -0.075523) (xy -0.075523 -0.164589) (xy 0.164589 -0.164589) (xy 0.164589 0.164589) (xy -0.164589 0.164589)
) (width 0.215024))
      ))
    (pad 1 smd roundrect (at -2.45 -1.5 270) (size 0.8 0.25) (layers F.Cu F.Paste F.Mask) (roundrect_rratio 0.25)
      (net 21 /M2B))
    (pad 2 smd roundrect (at -2.45 -1 270) (size 0.8 0.25) (layers F.Cu F.Paste F.Mask) (roundrect_rratio 0.25)
      (net 10 /~EN))
    (pad 3 smd roundrect (at -2.45 -0.5 270) (size 0.8 0.25) (layers F.Cu F.Paste F.Mask) (roundrect_rratio 0.25)
      (net 3 GND))
    (pad 4 smd roundrect (at -2.45 0 270) (size 0.8 0.25) (layers F.Cu F.Paste F.Mask) (roundrect_rratio 0.25)
      (net 1 "Net-(C101-Pad1)"))
    (pad 5 smd roundrect (at -2.45 0.5 270) (size 0.8 0.25) (layers F.Cu F.Paste F.Mask) (roundrect_rratio 0.25)
      (net 2 "Net-(C101-Pad2)"))
    (pad 6 smd roundrect (at -2.45 1 270) (size 0.8 0.25) (layers F.Cu F.Paste F.Mask) (roundrect_rratio 0.25)
      (net 5 "Net-(C106-Pad1)"))
    (pad 7 smd roundrect (at -2.45 1.5 270) (size 0.8 0.25) (layers F.Cu F.Paste F.Mask) (roundrect_rratio 0.25)
      (net 13 /SPRD))
    (pad 8 smd roundrect (at -1.5 2.45 270) (size 0.25 0.8) (layers F.Cu F.Paste F.Mask) (roundrect_rratio 0.25)
      (net 7 +5V))
    (pad 9 smd roundrect (at -1 2.45 270) (size 0.25 0.8) (layers F.Cu F.Paste F.Mask) (roundrect_rratio 0.25)
      (net 11 /MS1))
    (pad 10 smd roundrect (at -0.5 2.45 270) (size 0.25 0.8) (layers F.Cu F.Paste F.Mask) (roundrect_rratio 0.25)
      (net 12 /MS2))
    (pad 11 smd roundrect (at 0 2.45 270) (size 0.25 0.8) (layers F.Cu F.Paste F.Mask) (roundrect_rratio 0.25)
      (net 8 /DIAG))
    (pad 12 smd roundrect (at 0.5 2.45 270) (size 0.25 0.8) (layers F.Cu F.Paste F.Mask) (roundrect_rratio 0.25)
      (net 22 /INDEX))
    (pad 13 smd roundrect (at 1 2.45 270) (size 0.25 0.8) (layers F.Cu F.Paste F.Mask) (roundrect_rratio 0.25)
      (net 3 GND))
    (pad 14 smd roundrect (at 1.5 2.45 270) (size 0.25 0.8) (layers F.Cu F.Paste F.Mask) (roundrect_rratio 0.25)
      (net 23 "Net-(R101-Pad2)"))
    (pad 15 smd roundrect (at 2.45 1.5 270) (size 0.8 0.25) (layers F.Cu F.Paste F.Mask) (roundrect_rratio 0.25)
      (net 6 +3V3))
    (pad 16 smd roundrect (at 2.45 1 270) (size 0.8 0.25) (layers F.Cu F.Paste F.Mask) (roundrect_rratio 0.25)
      (net 16 /STEP))
    (pad 17 smd roundrect (at 2.45 0.5 270) (size 0.8 0.25) (layers F.Cu F.Paste F.Mask) (roundrect_rratio 0.25)
      (net 27 "Net-(U101-Pad17)"))
    (pad 18 smd roundrect (at 2.45 0 270) (size 0.8 0.25) (layers F.Cu F.Paste F.Mask) (roundrect_rratio 0.25)
      (net 3 GND))
    (pad 19 smd roundrect (at 2.45 -0.5 270) (size 0.8 0.25) (layers F.Cu F.Paste F.Mask) (roundrect_rratio 0.25)
      (net 17 /DIR))
    (pad 20 smd roundrect (at 2.45 -1 270) (size 0.8 0.25) (layers F.Cu F.Paste F.Mask) (roundrect_rratio 0.25)
      (net 24 "Net-(R104-Pad1)"))
    (pad 21 smd roundrect (at 2.45 -1.5 270) (size 0.8 0.25) (layers F.Cu F.Paste F.Mask) (roundrect_rratio 0.25)
      (net 20 /M2A))
    (pad 22 smd roundrect (at 1.5 -2.45 270) (size 0.25 0.8) (layers F.Cu F.Paste F.Mask) (roundrect_rratio 0.25)
      (net 4 +24V))
    (pad 23 smd roundrect (at 1 -2.45 270) (size 0.25 0.8) (layers F.Cu F.Paste F.Mask) (roundrect_rratio 0.25)
      (net 25 "Net-(R105-Pad2)"))
    (pad 24 smd roundrect (at 0.5 -2.45 270) (size 0.25 0.8) (layers F.Cu F.Paste F.Mask) (roundrect_rratio 0.25)
      (net 19 /M1A))
    (pad 25 smd roundrect (at 0 -2.45 270) (size 0.25 0.8) (layers F.Cu F.Paste F.Mask) (roundrect_rratio 0.25)
      (net 3 GND))
    (pad 26 smd roundrect (at -0.5 -2.45 270) (size 0.25 0.8) (layers F.Cu F.Paste F.Mask) (roundrect_rratio 0.25)
      (net 18 /M1B))
    (pad 27 smd roundrect (at -1 -2.45 270) (size 0.25 0.8) (layers F.Cu F.Paste F.Mask) (roundrect_rratio 0.25)
      (net 26 "Net-(R106-Pad2)"))
    (pad 28 smd roundrect (at -1.5 -2.45 270) (size 0.25 0.8) (layers F.Cu F.Paste F.Mask) (roundrect_rratio 0.25)
      (net 4 +24V))
    (model ${KISYS3DMOD}/Package_DFN_QFN.3dshapes/QFN-28-1EP_5x5mm_P0.5mm_EP3.35x3.35mm.wrl
      (at (xyz 0 0 0))
      (scale (xyz 1 1 1))
      (rotate (xyz 0 0 0))
    )
  )

  (module Capacitor_SMD:C_0805_2012Metric (layer F.Cu) (tedit 5B36C52B) (tstamp 5EB9F159)
    (at 29 27.8625 270)
    (descr "Capacitor SMD 0805 (2012 Metric), square (rectangular) end terminal, IPC_7351 nominal, (Body size source: https://docs.google.com/spreadsheets/d/1BsfQQcO9C6DZCsRaXUlFlo91Tg2WpOkGARC1WS5S8t0/edit?usp=sharing), generated with kicad-footprint-generator")
    (tags capacitor)
    (path /5EBAEA57)
    (attr smd)
    (fp_text reference C101 (at 1.03 2.1395 180) (layer F.SilkS)
      (effects (font (size 0.5 0.5) (thickness 0.125)))
    )
    (fp_text value 22n (at 0 1.65 90) (layer F.Fab)
      (effects (font (size 1 1) (thickness 0.15)))
    )
    (fp_line (start -1 0.6) (end -1 -0.6) (layer F.Fab) (width 0.1))
    (fp_line (start -1 -0.6) (end 1 -0.6) (layer F.Fab) (width 0.1))
    (fp_line (start 1 -0.6) (end 1 0.6) (layer F.Fab) (width 0.1))
    (fp_line (start 1 0.6) (end -1 0.6) (layer F.Fab) (width 0.1))
    (fp_line (start -0.258578 -0.71) (end 0.258578 -0.71) (layer F.SilkS) (width 0.12))
    (fp_line (start -0.258578 0.71) (end 0.258578 0.71) (layer F.SilkS) (width 0.12))
    (fp_line (start -1.68 0.95) (end -1.68 -0.95) (layer F.CrtYd) (width 0.05))
    (fp_line (start -1.68 -0.95) (end 1.68 -0.95) (layer F.CrtYd) (width 0.05))
    (fp_line (start 1.68 -0.95) (end 1.68 0.95) (layer F.CrtYd) (width 0.05))
    (fp_line (start 1.68 0.95) (end -1.68 0.95) (layer F.CrtYd) (width 0.05))
    (fp_text user %R (at 0 0 90) (layer F.Fab)
      (effects (font (size 0.5 0.5) (thickness 0.08)))
    )
    (pad 1 smd roundrect (at -0.9375 0 270) (size 0.975 1.4) (layers F.Cu F.Paste F.Mask) (roundrect_rratio 0.25)
      (net 1 "Net-(C101-Pad1)"))
    (pad 2 smd roundrect (at 0.9375 0 270) (size 0.975 1.4) (layers F.Cu F.Paste F.Mask) (roundrect_rratio 0.25)
      (net 2 "Net-(C101-Pad2)"))
    (model ${KISYS3DMOD}/Capacitor_SMD.3dshapes/C_0805_2012Metric.wrl
      (at (xyz 0 0 0))
      (scale (xyz 1 1 1))
      (rotate (xyz 0 0 0))
    )
  )

  (module Capacitor_SMD:C_0603_1608Metric (layer F.Cu) (tedit 5B301BBE) (tstamp 5EB9F16A)
    (at 28.8125 37.846)
    (descr "Capacitor SMD 0603 (1608 Metric), square (rectangular) end terminal, IPC_7351 nominal, (Body size source: http://www.tortai-tech.com/upload/download/2011102023233369053.pdf), generated with kicad-footprint-generator")
    (tags capacitor)
    (path /5EBC062C)
    (attr smd)
    (fp_text reference C102 (at 9.2875 0.381) (layer F.SilkS)
      (effects (font (size 0.5 0.5) (thickness 0.125)))
    )
    (fp_text value 100n (at 0 1.43) (layer F.Fab)
      (effects (font (size 1 1) (thickness 0.15)))
    )
    (fp_line (start -0.8 0.4) (end -0.8 -0.4) (layer F.Fab) (width 0.1))
    (fp_line (start -0.8 -0.4) (end 0.8 -0.4) (layer F.Fab) (width 0.1))
    (fp_line (start 0.8 -0.4) (end 0.8 0.4) (layer F.Fab) (width 0.1))
    (fp_line (start 0.8 0.4) (end -0.8 0.4) (layer F.Fab) (width 0.1))
    (fp_line (start -0.162779 -0.51) (end 0.162779 -0.51) (layer F.SilkS) (width 0.12))
    (fp_line (start -0.162779 0.51) (end 0.162779 0.51) (layer F.SilkS) (width 0.12))
    (fp_line (start -1.48 0.73) (end -1.48 -0.73) (layer F.CrtYd) (width 0.05))
    (fp_line (start -1.48 -0.73) (end 1.48 -0.73) (layer F.CrtYd) (width 0.05))
    (fp_line (start 1.48 -0.73) (end 1.48 0.73) (layer F.CrtYd) (width 0.05))
    (fp_line (start 1.48 0.73) (end -1.48 0.73) (layer F.CrtYd) (width 0.05))
    (fp_text user %R (at 0 0) (layer F.Fab)
      (effects (font (size 0.4 0.4) (thickness 0.06)))
    )
    (pad 1 smd roundrect (at -0.7875 0) (size 0.875 0.95) (layers F.Cu F.Paste F.Mask) (roundrect_rratio 0.25)
      (net 3 GND))
    (pad 2 smd roundrect (at 0.7875 0) (size 0.875 0.95) (layers F.Cu F.Paste F.Mask) (roundrect_rratio 0.25)
      (net 4 +24V))
    (model ${KISYS3DMOD}/Capacitor_SMD.3dshapes/C_0603_1608Metric.wrl
      (at (xyz 0 0 0))
      (scale (xyz 1 1 1))
      (rotate (xyz 0 0 0))
    )
  )

  (module Capacitor_SMD:C_0603_1608Metric (layer F.Cu) (tedit 5B301BBE) (tstamp 5EB9F17B)
    (at 29.2 24.6125 270)
    (descr "Capacitor SMD 0603 (1608 Metric), square (rectangular) end terminal, IPC_7351 nominal, (Body size source: http://www.tortai-tech.com/upload/download/2011102023233369053.pdf), generated with kicad-footprint-generator")
    (tags capacitor)
    (path /5EBBFEC2)
    (attr smd)
    (fp_text reference C103 (at 0.2795 -2.042 270) (layer F.SilkS)
      (effects (font (size 0.5 0.5) (thickness 0.125)))
    )
    (fp_text value 100n (at 0 1.43 90) (layer F.Fab)
      (effects (font (size 1 1) (thickness 0.15)))
    )
    (fp_text user %R (at 0 0 90) (layer F.Fab)
      (effects (font (size 0.4 0.4) (thickness 0.06)))
    )
    (fp_line (start 1.48 0.73) (end -1.48 0.73) (layer F.CrtYd) (width 0.05))
    (fp_line (start 1.48 -0.73) (end 1.48 0.73) (layer F.CrtYd) (width 0.05))
    (fp_line (start -1.48 -0.73) (end 1.48 -0.73) (layer F.CrtYd) (width 0.05))
    (fp_line (start -1.48 0.73) (end -1.48 -0.73) (layer F.CrtYd) (width 0.05))
    (fp_line (start -0.162779 0.51) (end 0.162779 0.51) (layer F.SilkS) (width 0.12))
    (fp_line (start -0.162779 -0.51) (end 0.162779 -0.51) (layer F.SilkS) (width 0.12))
    (fp_line (start 0.8 0.4) (end -0.8 0.4) (layer F.Fab) (width 0.1))
    (fp_line (start 0.8 -0.4) (end 0.8 0.4) (layer F.Fab) (width 0.1))
    (fp_line (start -0.8 -0.4) (end 0.8 -0.4) (layer F.Fab) (width 0.1))
    (fp_line (start -0.8 0.4) (end -0.8 -0.4) (layer F.Fab) (width 0.1))
    (pad 2 smd roundrect (at 0.7875 0 270) (size 0.875 0.95) (layers F.Cu F.Paste F.Mask) (roundrect_rratio 0.25)
      (net 4 +24V))
    (pad 1 smd roundrect (at -0.7875 0 270) (size 0.875 0.95) (layers F.Cu F.Paste F.Mask) (roundrect_rratio 0.25)
      (net 3 GND))
    (model ${KISYS3DMOD}/Capacitor_SMD.3dshapes/C_0603_1608Metric.wrl
      (at (xyz 0 0 0))
      (scale (xyz 1 1 1))
      (rotate (xyz 0 0 0))
    )
  )

  (module Capacitor_SMD:C_0805_2012Metric (layer F.Cu) (tedit 5B36C52B) (tstamp 5EB9F18C)
    (at 26.5625 24.2)
    (descr "Capacitor SMD 0805 (2012 Metric), square (rectangular) end terminal, IPC_7351 nominal, (Body size source: https://docs.google.com/spreadsheets/d/1BsfQQcO9C6DZCsRaXUlFlo91Tg2WpOkGARC1WS5S8t0/edit?usp=sharing), generated with kicad-footprint-generator")
    (tags capacitor)
    (path /5EBBEF69)
    (attr smd)
    (fp_text reference C104 (at -5.798 -0.0065) (layer F.SilkS)
      (effects (font (size 0.5 0.5) (thickness 0.125)))
    )
    (fp_text value 22u (at 0 1.65) (layer F.Fab)
      (effects (font (size 1 1) (thickness 0.15)))
    )
    (fp_text user %R (at 0 0) (layer F.Fab)
      (effects (font (size 0.5 0.5) (thickness 0.08)))
    )
    (fp_line (start 1.68 0.95) (end -1.68 0.95) (layer F.CrtYd) (width 0.05))
    (fp_line (start 1.68 -0.95) (end 1.68 0.95) (layer F.CrtYd) (width 0.05))
    (fp_line (start -1.68 -0.95) (end 1.68 -0.95) (layer F.CrtYd) (width 0.05))
    (fp_line (start -1.68 0.95) (end -1.68 -0.95) (layer F.CrtYd) (width 0.05))
    (fp_line (start -0.258578 0.71) (end 0.258578 0.71) (layer F.SilkS) (width 0.12))
    (fp_line (start -0.258578 -0.71) (end 0.258578 -0.71) (layer F.SilkS) (width 0.12))
    (fp_line (start 1 0.6) (end -1 0.6) (layer F.Fab) (width 0.1))
    (fp_line (start 1 -0.6) (end 1 0.6) (layer F.Fab) (width 0.1))
    (fp_line (start -1 -0.6) (end 1 -0.6) (layer F.Fab) (width 0.1))
    (fp_line (start -1 0.6) (end -1 -0.6) (layer F.Fab) (width 0.1))
    (pad 2 smd roundrect (at 0.9375 0) (size 0.975 1.4) (layers F.Cu F.Paste F.Mask) (roundrect_rratio 0.25)
      (net 4 +24V))
    (pad 1 smd roundrect (at -0.9375 0) (size 0.975 1.4) (layers F.Cu F.Paste F.Mask) (roundrect_rratio 0.25)
      (net 3 GND))
    (model ${KISYS3DMOD}/Capacitor_SMD.3dshapes/C_0805_2012Metric.wrl
      (at (xyz 0 0 0))
      (scale (xyz 1 1 1))
      (rotate (xyz 0 0 0))
    )
  )

  (module Capacitor_SMD:C_0805_2012Metric (layer F.Cu) (tedit 5B36C52B) (tstamp 5EB9F19D)
    (at 29.4 42.7375 90)
    (descr "Capacitor SMD 0805 (2012 Metric), square (rectangular) end terminal, IPC_7351 nominal, (Body size source: https://docs.google.com/spreadsheets/d/1BsfQQcO9C6DZCsRaXUlFlo91Tg2WpOkGARC1WS5S8t0/edit?usp=sharing), generated with kicad-footprint-generator")
    (tags capacitor)
    (path /5EBBE39B)
    (attr smd)
    (fp_text reference C105 (at -0.4425 9.716 270) (layer F.SilkS)
      (effects (font (size 0.5 0.5) (thickness 0.125)))
    )
    (fp_text value 22u (at 0 1.65 90) (layer F.Fab)
      (effects (font (size 1 1) (thickness 0.15)))
    )
    (fp_line (start -1 0.6) (end -1 -0.6) (layer F.Fab) (width 0.1))
    (fp_line (start -1 -0.6) (end 1 -0.6) (layer F.Fab) (width 0.1))
    (fp_line (start 1 -0.6) (end 1 0.6) (layer F.Fab) (width 0.1))
    (fp_line (start 1 0.6) (end -1 0.6) (layer F.Fab) (width 0.1))
    (fp_line (start -0.258578 -0.71) (end 0.258578 -0.71) (layer F.SilkS) (width 0.12))
    (fp_line (start -0.258578 0.71) (end 0.258578 0.71) (layer F.SilkS) (width 0.12))
    (fp_line (start -1.68 0.95) (end -1.68 -0.95) (layer F.CrtYd) (width 0.05))
    (fp_line (start -1.68 -0.95) (end 1.68 -0.95) (layer F.CrtYd) (width 0.05))
    (fp_line (start 1.68 -0.95) (end 1.68 0.95) (layer F.CrtYd) (width 0.05))
    (fp_line (start 1.68 0.95) (end -1.68 0.95) (layer F.CrtYd) (width 0.05))
    (fp_text user %R (at 0 0 90) (layer F.Fab)
      (effects (font (size 0.5 0.5) (thickness 0.08)))
    )
    (pad 1 smd roundrect (at -0.9375 0 90) (size 0.975 1.4) (layers F.Cu F.Paste F.Mask) (roundrect_rratio 0.25)
      (net 3 GND))
    (pad 2 smd roundrect (at 0.9375 0 90) (size 0.975 1.4) (layers F.Cu F.Paste F.Mask) (roundrect_rratio 0.25)
      (net 4 +24V))
    (model ${KISYS3DMOD}/Capacitor_SMD.3dshapes/C_0805_2012Metric.wrl
      (at (xyz 0 0 0))
      (scale (xyz 1 1 1))
      (rotate (xyz 0 0 0))
    )
  )

  (module Capacitor_SMD:C_0603_1608Metric (layer F.Cu) (tedit 5B301BBE) (tstamp 5EB9F1AE)
    (at 26.4125 26)
    (descr "Capacitor SMD 0603 (1608 Metric), square (rectangular) end terminal, IPC_7351 nominal, (Body size source: http://www.tortai-tech.com/upload/download/2011102023233369053.pdf), generated with kicad-footprint-generator")
    (tags capacitor)
    (path /5EBD64AD)
    (attr smd)
    (fp_text reference C106 (at -5.648 -0.1555) (layer F.SilkS)
      (effects (font (size 0.5 0.5) (thickness 0.125)))
    )
    (fp_text value 100n (at 0 1.43) (layer F.Fab)
      (effects (font (size 1 1) (thickness 0.15)))
    )
    (fp_text user %R (at 0 0) (layer F.Fab)
      (effects (font (size 0.4 0.4) (thickness 0.06)))
    )
    (fp_line (start 1.48 0.73) (end -1.48 0.73) (layer F.CrtYd) (width 0.05))
    (fp_line (start 1.48 -0.73) (end 1.48 0.73) (layer F.CrtYd) (width 0.05))
    (fp_line (start -1.48 -0.73) (end 1.48 -0.73) (layer F.CrtYd) (width 0.05))
    (fp_line (start -1.48 0.73) (end -1.48 -0.73) (layer F.CrtYd) (width 0.05))
    (fp_line (start -0.162779 0.51) (end 0.162779 0.51) (layer F.SilkS) (width 0.12))
    (fp_line (start -0.162779 -0.51) (end 0.162779 -0.51) (layer F.SilkS) (width 0.12))
    (fp_line (start 0.8 0.4) (end -0.8 0.4) (layer F.Fab) (width 0.1))
    (fp_line (start 0.8 -0.4) (end 0.8 0.4) (layer F.Fab) (width 0.1))
    (fp_line (start -0.8 -0.4) (end 0.8 -0.4) (layer F.Fab) (width 0.1))
    (fp_line (start -0.8 0.4) (end -0.8 -0.4) (layer F.Fab) (width 0.1))
    (pad 2 smd roundrect (at 0.7875 0) (size 0.875 0.95) (layers F.Cu F.Paste F.Mask) (roundrect_rratio 0.25)
      (net 4 +24V))
    (pad 1 smd roundrect (at -0.7875 0) (size 0.875 0.95) (layers F.Cu F.Paste F.Mask) (roundrect_rratio 0.25)
      (net 5 "Net-(C106-Pad1)"))
    (model ${KISYS3DMOD}/Capacitor_SMD.3dshapes/C_0603_1608Metric.wrl
      (at (xyz 0 0 0))
      (scale (xyz 1 1 1))
      (rotate (xyz 0 0 0))
    )
  )

  (module Capacitor_SMD:C_0805_2012Metric (layer F.Cu) (tedit 5B36C52B) (tstamp 5EB9F1BF)
    (at 28.6625 39.624 180)
    (descr "Capacitor SMD 0805 (2012 Metric), square (rectangular) end terminal, IPC_7351 nominal, (Body size source: https://docs.google.com/spreadsheets/d/1BsfQQcO9C6DZCsRaXUlFlo91Tg2WpOkGARC1WS5S8t0/edit?usp=sharing), generated with kicad-footprint-generator")
    (tags capacitor)
    (path /5EBC8629)
    (attr smd)
    (fp_text reference C107 (at -9.4375 0) (layer F.SilkS)
      (effects (font (size 0.5 0.5) (thickness 0.125)))
    )
    (fp_text value 22n (at 0 1.65) (layer F.Fab)
      (effects (font (size 1 1) (thickness 0.15)))
    )
    (fp_text user %R (at 0 0) (layer F.Fab)
      (effects (font (size 0.5 0.5) (thickness 0.08)))
    )
    (fp_line (start 1.68 0.95) (end -1.68 0.95) (layer F.CrtYd) (width 0.05))
    (fp_line (start 1.68 -0.95) (end 1.68 0.95) (layer F.CrtYd) (width 0.05))
    (fp_line (start -1.68 -0.95) (end 1.68 -0.95) (layer F.CrtYd) (width 0.05))
    (fp_line (start -1.68 0.95) (end -1.68 -0.95) (layer F.CrtYd) (width 0.05))
    (fp_line (start -0.258578 0.71) (end 0.258578 0.71) (layer F.SilkS) (width 0.12))
    (fp_line (start -0.258578 -0.71) (end 0.258578 -0.71) (layer F.SilkS) (width 0.12))
    (fp_line (start 1 0.6) (end -1 0.6) (layer F.Fab) (width 0.1))
    (fp_line (start 1 -0.6) (end 1 0.6) (layer F.Fab) (width 0.1))
    (fp_line (start -1 -0.6) (end 1 -0.6) (layer F.Fab) (width 0.1))
    (fp_line (start -1 0.6) (end -1 -0.6) (layer F.Fab) (width 0.1))
    (pad 2 smd roundrect (at 0.9375 0 180) (size 0.975 1.4) (layers F.Cu F.Paste F.Mask) (roundrect_rratio 0.25)
      (net 3 GND))
    (pad 1 smd roundrect (at -0.9375 0 180) (size 0.975 1.4) (layers F.Cu F.Paste F.Mask) (roundrect_rratio 0.25)
      (net 4 +24V))
    (model ${KISYS3DMOD}/Capacitor_SMD.3dshapes/C_0805_2012Metric.wrl
      (at (xyz 0 0 0))
      (scale (xyz 1 1 1))
      (rotate (xyz 0 0 0))
    )
  )

  (module Capacitor_SMD:C_0805_2012Metric (layer F.Cu) (tedit 5B36C52B) (tstamp 5EB9F1D0)
    (at 26.5625 22.2 180)
    (descr "Capacitor SMD 0805 (2012 Metric), square (rectangular) end terminal, IPC_7351 nominal, (Body size source: https://docs.google.com/spreadsheets/d/1BsfQQcO9C6DZCsRaXUlFlo91Tg2WpOkGARC1WS5S8t0/edit?usp=sharing), generated with kicad-footprint-generator")
    (tags capacitor)
    (path /5EBC8623)
    (attr smd)
    (fp_text reference C108 (at 5.798 0.102) (layer F.SilkS)
      (effects (font (size 0.5 0.5) (thickness 0.125)))
    )
    (fp_text value 22n (at 0 1.65) (layer F.Fab)
      (effects (font (size 1 1) (thickness 0.15)))
    )
    (fp_line (start -1 0.6) (end -1 -0.6) (layer F.Fab) (width 0.1))
    (fp_line (start -1 -0.6) (end 1 -0.6) (layer F.Fab) (width 0.1))
    (fp_line (start 1 -0.6) (end 1 0.6) (layer F.Fab) (width 0.1))
    (fp_line (start 1 0.6) (end -1 0.6) (layer F.Fab) (width 0.1))
    (fp_line (start -0.258578 -0.71) (end 0.258578 -0.71) (layer F.SilkS) (width 0.12))
    (fp_line (start -0.258578 0.71) (end 0.258578 0.71) (layer F.SilkS) (width 0.12))
    (fp_line (start -1.68 0.95) (end -1.68 -0.95) (layer F.CrtYd) (width 0.05))
    (fp_line (start -1.68 -0.95) (end 1.68 -0.95) (layer F.CrtYd) (width 0.05))
    (fp_line (start 1.68 -0.95) (end 1.68 0.95) (layer F.CrtYd) (width 0.05))
    (fp_line (start 1.68 0.95) (end -1.68 0.95) (layer F.CrtYd) (width 0.05))
    (fp_text user %R (at 0 0) (layer F.Fab)
      (effects (font (size 0.5 0.5) (thickness 0.08)))
    )
    (pad 1 smd roundrect (at -0.9375 0 180) (size 0.975 1.4) (layers F.Cu F.Paste F.Mask) (roundrect_rratio 0.25)
      (net 4 +24V))
    (pad 2 smd roundrect (at 0.9375 0 180) (size 0.975 1.4) (layers F.Cu F.Paste F.Mask) (roundrect_rratio 0.25)
      (net 3 GND))
    (model ${KISYS3DMOD}/Capacitor_SMD.3dshapes/C_0805_2012Metric.wrl
      (at (xyz 0 0 0))
      (scale (xyz 1 1 1))
      (rotate (xyz 0 0 0))
    )
  )

  (module Capacitor_SMD:C_0603_1608Metric (layer F.Cu) (tedit 5B301BBE) (tstamp 5EB9F1E1)
    (at 24.8 39.332 90)
    (descr "Capacitor SMD 0603 (1608 Metric), square (rectangular) end terminal, IPC_7351 nominal, (Body size source: http://www.tortai-tech.com/upload/download/2011102023233369053.pdf), generated with kicad-footprint-generator")
    (tags capacitor)
    (path /5EBE3A80)
    (attr smd)
    (fp_text reference C109 (at -0.5475 -4.734 90) (layer F.SilkS)
      (effects (font (size 0.5 0.5) (thickness 0.125)))
    )
    (fp_text value 100n (at 0 1.43 90) (layer F.Fab)
      (effects (font (size 1 1) (thickness 0.15)))
    )
    (fp_line (start -0.8 0.4) (end -0.8 -0.4) (layer F.Fab) (width 0.1))
    (fp_line (start -0.8 -0.4) (end 0.8 -0.4) (layer F.Fab) (width 0.1))
    (fp_line (start 0.8 -0.4) (end 0.8 0.4) (layer F.Fab) (width 0.1))
    (fp_line (start 0.8 0.4) (end -0.8 0.4) (layer F.Fab) (width 0.1))
    (fp_line (start -0.162779 -0.51) (end 0.162779 -0.51) (layer F.SilkS) (width 0.12))
    (fp_line (start -0.162779 0.51) (end 0.162779 0.51) (layer F.SilkS) (width 0.12))
    (fp_line (start -1.48 0.73) (end -1.48 -0.73) (layer F.CrtYd) (width 0.05))
    (fp_line (start -1.48 -0.73) (end 1.48 -0.73) (layer F.CrtYd) (width 0.05))
    (fp_line (start 1.48 -0.73) (end 1.48 0.73) (layer F.CrtYd) (width 0.05))
    (fp_line (start 1.48 0.73) (end -1.48 0.73) (layer F.CrtYd) (width 0.05))
    (fp_text user %R (at 0 0 90) (layer F.Fab)
      (effects (font (size 0.4 0.4) (thickness 0.06)))
    )
    (pad 1 smd roundrect (at -0.7875 0 90) (size 0.875 0.95) (layers F.Cu F.Paste F.Mask) (roundrect_rratio 0.25)
      (net 3 GND))
    (pad 2 smd roundrect (at 0.7875 0 90) (size 0.875 0.95) (layers F.Cu F.Paste F.Mask) (roundrect_rratio 0.25)
      (net 6 +3V3))
    (model ${KISYS3DMOD}/Capacitor_SMD.3dshapes/C_0603_1608Metric.wrl
      (at (xyz 0 0 0))
      (scale (xyz 1 1 1))
      (rotate (xyz 0 0 0))
    )
  )

  (module Capacitor_SMD:C_0603_1608Metric (layer F.Cu) (tedit 5B301BBE) (tstamp 5EB9F1F2)
    (at 26.4 27.6 180)
    (descr "Capacitor SMD 0603 (1608 Metric), square (rectangular) end terminal, IPC_7351 nominal, (Body size source: http://www.tortai-tech.com/upload/download/2011102023233369053.pdf), generated with kicad-footprint-generator")
    (tags capacitor)
    (path /5EBB26EA)
    (attr smd)
    (fp_text reference C110 (at 5.6355 -0.086) (layer F.SilkS)
      (effects (font (size 0.5 0.5) (thickness 0.125)))
    )
    (fp_text value 2.2u (at 0 1.43) (layer F.Fab)
      (effects (font (size 1 1) (thickness 0.15)))
    )
    (fp_line (start -0.8 0.4) (end -0.8 -0.4) (layer F.Fab) (width 0.1))
    (fp_line (start -0.8 -0.4) (end 0.8 -0.4) (layer F.Fab) (width 0.1))
    (fp_line (start 0.8 -0.4) (end 0.8 0.4) (layer F.Fab) (width 0.1))
    (fp_line (start 0.8 0.4) (end -0.8 0.4) (layer F.Fab) (width 0.1))
    (fp_line (start -0.162779 -0.51) (end 0.162779 -0.51) (layer F.SilkS) (width 0.12))
    (fp_line (start -0.162779 0.51) (end 0.162779 0.51) (layer F.SilkS) (width 0.12))
    (fp_line (start -1.48 0.73) (end -1.48 -0.73) (layer F.CrtYd) (width 0.05))
    (fp_line (start -1.48 -0.73) (end 1.48 -0.73) (layer F.CrtYd) (width 0.05))
    (fp_line (start 1.48 -0.73) (end 1.48 0.73) (layer F.CrtYd) (width 0.05))
    (fp_line (start 1.48 0.73) (end -1.48 0.73) (layer F.CrtYd) (width 0.05))
    (fp_text user %R (at 0 0) (layer F.Fab)
      (effects (font (size 0.4 0.4) (thickness 0.06)))
    )
    (pad 1 smd roundrect (at -0.7875 0 180) (size 0.875 0.95) (layers F.Cu F.Paste F.Mask) (roundrect_rratio 0.25)
      (net 7 +5V))
    (pad 2 smd roundrect (at 0.7875 0 180) (size 0.875 0.95) (layers F.Cu F.Paste F.Mask) (roundrect_rratio 0.25)
      (net 3 GND))
    (model ${KISYS3DMOD}/Capacitor_SMD.3dshapes/C_0603_1608Metric.wrl
      (at (xyz 0 0 0))
      (scale (xyz 1 1 1))
      (rotate (xyz 0 0 0))
    )
  )

  (module LED_SMD:LED_0603_1608Metric (layer F.Cu) (tedit 5B301BBE) (tstamp 5EB9F205)
    (at 25.6 42.9875 270)
    (descr "LED SMD 0603 (1608 Metric), square (rectangular) end terminal, IPC_7351 nominal, (Body size source: http://www.tortai-tech.com/upload/download/2011102023233369053.pdf), generated with kicad-footprint-generator")
    (tags diode)
    (path /5EC6216D)
    (attr smd)
    (fp_text reference D101 (at 0.1925 -11.738 270) (layer F.SilkS)
      (effects (font (size 0.5 0.5) (thickness 0.125)))
    )
    (fp_text value red (at 0 1.43 90) (layer F.Fab)
      (effects (font (size 1 1) (thickness 0.15)))
    )
    (fp_line (start 0.8 -0.4) (end -0.5 -0.4) (layer F.Fab) (width 0.1))
    (fp_line (start -0.5 -0.4) (end -0.8 -0.1) (layer F.Fab) (width 0.1))
    (fp_line (start -0.8 -0.1) (end -0.8 0.4) (layer F.Fab) (width 0.1))
    (fp_line (start -0.8 0.4) (end 0.8 0.4) (layer F.Fab) (width 0.1))
    (fp_line (start 0.8 0.4) (end 0.8 -0.4) (layer F.Fab) (width 0.1))
    (fp_line (start 0.8 -0.735) (end -1.485 -0.735) (layer F.SilkS) (width 0.12))
    (fp_line (start -1.485 -0.735) (end -1.485 0.735) (layer F.SilkS) (width 0.12))
    (fp_line (start -1.485 0.735) (end 0.8 0.735) (layer F.SilkS) (width 0.12))
    (fp_line (start -1.48 0.73) (end -1.48 -0.73) (layer F.CrtYd) (width 0.05))
    (fp_line (start -1.48 -0.73) (end 1.48 -0.73) (layer F.CrtYd) (width 0.05))
    (fp_line (start 1.48 -0.73) (end 1.48 0.73) (layer F.CrtYd) (width 0.05))
    (fp_line (start 1.48 0.73) (end -1.48 0.73) (layer F.CrtYd) (width 0.05))
    (fp_text user %R (at 0 0 90) (layer F.Fab)
      (effects (font (size 0.4 0.4) (thickness 0.06)))
    )
    (pad 1 smd roundrect (at -0.7875 0 270) (size 0.875 0.95) (layers F.Cu F.Paste F.Mask) (roundrect_rratio 0.25)
      (net 8 /DIAG))
    (pad 2 smd roundrect (at 0.7875 0 270) (size 0.875 0.95) (layers F.Cu F.Paste F.Mask) (roundrect_rratio 0.25)
      (net 9 "Net-(D101-Pad2)"))
    (model ${KISYS3DMOD}/LED_SMD.3dshapes/LED_0603_1608Metric.wrl
      (at (xyz 0 0 0))
      (scale (xyz 1 1 1))
      (rotate (xyz 0 0 0))
    )
  )

  (module Connector_PinHeader_2.54mm:PinHeader_1x09_P2.54mm_Vertical (layer B.Cu) (tedit 59FED5CC) (tstamp 5EB9F222)
    (at 22.86 22.86 180)
    (descr "Through hole straight pin header, 1x09, 2.54mm pitch, single row")
    (tags "Through hole pin header THT 1x09 2.54mm single row")
    (path /5EBF5E77)
    (fp_text reference J101 (at 2.6035 -9.8425 90) (layer B.SilkS)
      (effects (font (size 1 1) (thickness 0.15)) (justify mirror))
    )
    (fp_text value Conn_01x09 (at 0 -22.65) (layer B.Fab)
      (effects (font (size 1 1) (thickness 0.15)) (justify mirror))
    )
    (fp_text user %R (at 0 -10.16 270) (layer B.Fab)
      (effects (font (size 1 1) (thickness 0.15)) (justify mirror))
    )
    (fp_line (start 1.8 1.8) (end -1.8 1.8) (layer B.CrtYd) (width 0.05))
    (fp_line (start 1.8 -22.1) (end 1.8 1.8) (layer B.CrtYd) (width 0.05))
    (fp_line (start -1.8 -22.1) (end 1.8 -22.1) (layer B.CrtYd) (width 0.05))
    (fp_line (start -1.8 1.8) (end -1.8 -22.1) (layer B.CrtYd) (width 0.05))
    (fp_line (start -1.33 1.33) (end 0 1.33) (layer B.SilkS) (width 0.12))
    (fp_line (start -1.33 0) (end -1.33 1.33) (layer B.SilkS) (width 0.12))
    (fp_line (start -1.33 -1.27) (end 1.33 -1.27) (layer B.SilkS) (width 0.12))
    (fp_line (start 1.33 -1.27) (end 1.33 -21.65) (layer B.SilkS) (width 0.12))
    (fp_line (start -1.33 -1.27) (end -1.33 -21.65) (layer B.SilkS) (width 0.12))
    (fp_line (start -1.33 -21.65) (end 1.33 -21.65) (layer B.SilkS) (width 0.12))
    (fp_line (start -1.27 0.635) (end -0.635 1.27) (layer B.Fab) (width 0.1))
    (fp_line (start -1.27 -21.59) (end -1.27 0.635) (layer B.Fab) (width 0.1))
    (fp_line (start 1.27 -21.59) (end -1.27 -21.59) (layer B.Fab) (width 0.1))
    (fp_line (start 1.27 1.27) (end 1.27 -21.59) (layer B.Fab) (width 0.1))
    (fp_line (start -0.635 1.27) (end 1.27 1.27) (layer B.Fab) (width 0.1))
    (pad 9 thru_hole oval (at 0 -20.32 180) (size 1.7 1.7) (drill 1) (layers *.Cu *.Mask)
      (net 8 /DIAG))
    (pad 8 thru_hole oval (at 0 -17.78 180) (size 1.7 1.7) (drill 1) (layers *.Cu *.Mask)
      (net 10 /~EN))
    (pad 7 thru_hole oval (at 0 -15.24 180) (size 1.7 1.7) (drill 1) (layers *.Cu *.Mask)
      (net 11 /MS1))
    (pad 6 thru_hole oval (at 0 -12.7 180) (size 1.7 1.7) (drill 1) (layers *.Cu *.Mask)
      (net 12 /MS2))
    (pad 5 thru_hole oval (at 0 -10.16 180) (size 1.7 1.7) (drill 1) (layers *.Cu *.Mask)
      (net 13 /SPRD))
    (pad 4 thru_hole oval (at 0 -7.62 180) (size 1.7 1.7) (drill 1) (layers *.Cu *.Mask)
      (net 14 /UART))
    (pad 3 thru_hole oval (at 0 -5.08 180) (size 1.7 1.7) (drill 1) (layers *.Cu *.Mask)
      (net 15 /PDN))
    (pad 2 thru_hole oval (at 0 -2.54 180) (size 1.7 1.7) (drill 1) (layers *.Cu *.Mask)
      (net 16 /STEP))
